1
3
4
5
6
7
8
9
11
12
13
14
15
16
17
18
19
20
21
22
23
24
25
26
27
28
29
30
31
32
33
35
36
37
38
39
41
43
46
48
50
51
54
55
57
58
59
60
61
63
65
67
68
70
72
73
74
75
76
78
80
81
82
83
84
85
86
87
88
89
91
93
96
97
98
99
100
101
102
103
104
105
106
107
108
109
111
112
113
114
115
116
117
118
119
120
121
122
123
124
126
127
128
129
130
132
133
134
135
137
138
140
141
142
143
145
146
148
150
151
152
154
155
156
157
158
159
160
161
163
164
166
167
168
169
171
172
173
175
176
178
180
181
182
183
184
185
186
187
188
189
190
191
192
193
195
198
199
200
201
202
203
205
206
207
208
209
210
211
213
215
216
217
218
221
222
223
224
225
226
227
228
231
232
234
235
237
241
243
244
245
246
250
252
253
254
255
256
257
258
259
260
261
263
264
265
266
267
268
269
270
271
272
273
274
275
277
278
280
281
282
283
284
285
286
289
290
291
292
293
294
295
296
297
300
302
303
304
305
306
307
308
309
313
314
316
318
319
320
321
322
323
324
325
326
327
328
329
331
334
335
336
337
338
341
342
343
344
346
347
348
351
354
355
356
357
358
359
360
362
363
364
366
367
368
369
370
371
372
373
374
375
376
377
378
381
382
383
384
386
388
390
391
393
395
396
397
398
399
400
403
405
409
411
412
413
414
415
417
419
420
421
422
423
425
426
427
428
429
430
432
433
434
435
436
437
439
440
441
442
443
445
446
448
449
450
451
452
453
454
455
456
457
458
459
460
461
462
463
464
465
466
468
471
472
474
476
477
479
482
484
485
487
488
489
490
491
492
496
497
498
499
501
502
504
505
506
508
509
510
511
513
514
516
518
519
520
521
522
524
528
529
530
532
533
534
537
538
539
541
542
544
545
546
547
548
549
550
551
552
553
554
555
557
558
559
560
562
563
564
565
566
567
568
569
571
572
573
574
575
576
578
581
582
585
590
591
592
593
594
595
597
598
599
601
603
604
605
607
608
609
611
612
613
614
615
616
617
618
619
620
621
623
624
625
626
627
628
632
633
634
635
636
637
638
639
640
641
642
643
644
645
646
647
648
651
652
653
654
656
657
658
659
660
662
663
664
667
668
669
670
671
672
673
674
679
680
682
683
685
686
688
689
690
691
692
694
695
696
697
699
700
701
702
703
704
705
706
707
708
710
711
714
715
716
717
719
720
721
722
723
724
725
726
728
729
730
731
732
733
734
735
736
738
739
740
742
743
744
745
747
748
749
750
751
752
753
756
758
759
761
762
764
765
766
767
769
772
773
774
775
776
777
778
779
780
781
782
783
784
785
786
791
792
793
794
795
796
797
798
799
800
801
802
803
804
805
806
808
809
810
811
812
813
814
816
817
819
821
822
823
824